2118696582
204521440
332213323
-272631646
1663162242
-945967593
-2071828764
-287043030
153709616
-499263513
-149997227
470422747
-1541410637
259486666
-941676178
-678529684
2003098086
-1719931835
-1163582320
1479971375
1403541008
960728806
-1227109831
1241581648
-1339173023
1063019209
2047984286
1103207608
-660595457
1914914775
-40962425
173712991
-1678948562
1295033284
-411432732
176395271
2092318304
-326995618
1050428105
761367208
-730041641
-975260955
1096324073
-639992854
163264613
-247756320
41202647
-1692333
-442879219
-47803853
-1381903417
776656736
-1429381744
960454404
-1399195956
1305482755
146756103
-563833051
610938557
-1994053452
961167612
682379697
457265592
-678420174
252566641
-1599910507
-999859939
-2137846896
-472867745
755212358
-1062209439
-686443855
-2111836970
-264324971
-208931814
-271351292
-1442087342
1607629794
1152026626
2010786715
-1986638975
-177037935
-1670734121
-1221869139
-652110092
-1397736105
-421484523
-277993385
-1948227699
882696474
699000389
-1631403
-1014509300
-574785934
-564373036
1898074354
2000024141
67487200
-986280943
-1303690294
-2133175444
-1064127261
-1788037359
-135502806
1972854473
957086140
-181347944
-2039925774
-107042567
-1634622012
-1876524336
-1584071059
-1490510259
-817832144
1366945368
-796531978
34612480
1987084319
-371951742
-1392239582
-1923637172
2098186096
695565441
1086810050
-571826498
1116383783
-794964386
1256119264
-961696398
-1221851158
733619155
-87146880
-1112237624
-521479236
-1431422879
1227702717
1665710603
1858619623
713846722
413149488
381356020
2017249964
1938737398
-1695392014
898325344
-1729853363
589704385
360416623
-832944411
22821449
